2092 8
3096 2
8023 9
8049 9
8143 14
12003 6
12074 5
12084 12
14037 8
15004 35
15088 4
16052 9
16077 24
19021 18
20008 8
21077 28
22013 14
22090 17
22093 11
23025 11
23080 24
23084 7
24004 17
24063 12
24077 27
25098 25
26031 2
27059 14
28075 4
28096 6
33039 10
33066 28
35008 15
35010 28
35058 12
35070 3
35091 11
37073 42
38082 9
38092 8
41004 5
41025 15
41033 8
41069 10
42012 25
42044 9
42049 12
42078 10
43070 6
43074 3
43083 28
45077 8
45096 26
46076 8
48055 7
54005 6
54082 10
55067 14
55073 24
55075 14
56028 12
58060 22
59078 32
60079 4
61060 3
61086 9
62096 6
65010 21
65019 36
65033 32
65074 30
65132 18
66039 8
66053 30
66075 5
67079 19
68077 9
69015 9
69020 4
69040 3
71046 18
76002 25
76053 9
78004 15
78019 20
80099 2
85048 25
86000 11
86016 3
86068 9
87046 9
87065 9
89072 47
90076 22
92059 9
94079 2
95006 11
97017 22
97033 8
100075 12
100080 6
100098 10
101085 22
101087 28
102061 8
103041 14
103070 45
104022 12
105019 9
105025 6
105053 7
106020 6
106024 20
106025 8
108005 25
108041 5
108070 12
108073 4
108082 14
109034 6
109053 7
112082 8
113009 9
113016 6
113044 8
117054 10
118020 15
118035 23
119082 50
122048 8
123074 8
124084 4
126007 25
126039 11
130026 5
130034 6
134008 3
134035 28
134052 5
135037 11
135069 5
138032 17
138078 9
140055 29
140075 7
143090 7
144067 19
145014 31
145053 32
145086 12
147021 9
147062 8
147091 6
148026 9
148089 50
151087 12
153077 30
153093 45
155060 15
156065 12
156079 28
157036 9
157055 25
159008 14
159029 17
159045 23
159091 5
160068 8
161062 23
163014 10
163062 9
163085 7
164074 6
166081 16
167062 4
167083 6
169012 49
170054 33
170057 71
172032 47
173036 9
175032 12
175043 4
176019 12
176035 10
176039 8
178054 7
181018 14
181079 15
181091 21
182053 62
183055 8
183087 3
187003 24
187029 9
187039 8
187071 12
187083 9
188005 11
188063 10
188091 6
189003 31
189011 11
189080 9
196015 11
196073 4
197017 6
198004 14
198023 23
198054 11
202012 67
207056 4
208001 25
209070 21
210088 4
216041 21
216053 10
216066 9
216081 70
219090 15
220075 28
223061 12
225017 15
227040 9
227046 12
227092 13
229036 21
231015 11
232038 21
236017 6
236037 28
238011 5
239007 22
239096 22
241004 18
241048 13
242078 46
245051 22
246016 26
246053 8
247085 6
249061 9
249087 9
253027 3
253036 11
253055 6
254033 9
254054 10
260058 8
260081 13
268002 2
271008 13
271031 4
271035 36
274007 15
277095 17
285036 24
285079 50
286092 28
291000 11
292066 26
293029 24
295087 10
296007 12
296059 28
299086 6
299091 3
300091 6
301007 18
302003 25
302008 7
304034 4 
304074 16
306005 15
309004 9
310007 8
311068 6
311081 10
314016 7
317080 8
323016 70
326038 5
351093 13
353013 5
361010 15
361084 50
365025 10
365073 52
368016 33
368078 26
370036 30
372047 33
374020 8
374067 9
376001 85
376020 11
376043 25
385028 18
385039 27
388016 29